<!DOCTYPE html>
<html lang="en-us">
  <head>
    <meta charset="utf-8">
<meta name="viewport" content="width=device-width, initial-scale=1.0">
<meta name="generator" content="Hugo 0.78.2" />


<title>Various methods for plotting 3d bivariate Gaussians - Data Se</title>
<meta property="og:title" content="Various methods for plotting 3d bivariate Gaussians - Data Se">



  








<link href='//cdn.bootcss.com/highlight.js/9.11.0/styles/github.min.css' rel='stylesheet' type='text/css' />



<link rel="stylesheet" href="/css/fonts.css" media="all">
<link rel="stylesheet" href="/css/main.css" media="all">



  </head>
  <body>
    <div class="wrapper">
      <header class="header">
        <nav class="nav">
  <a href="/" class="nav-logo">
    <img src="/images/logo-data-se.png"
         width="50"
         height="50"
         alt="Logo">
  </a>

  <ul class="nav-links">
    
    <li><a href="/about/">About</a></li>
    
    <li><a href="/">Blog</a></li>
    
    <li><a href="/privacy/">Data privacy</a></li>
    
  </ul>
</nav>

      </header>


<main class="content" role="main">

  <article class="article">
    
    <span class="article-duration">3 min read</span>
    

    <h1 class="article-title">Various methods for plotting 3d bivariate Gaussians</h1>

    
    <span class="article-date">2020/05/30</span>
    

    <div class="article-content">
      
<script src="/rmarkdown-libs/header-attrs/header-attrs.js"></script>
<script src="/rmarkdown-libs/htmlwidgets/htmlwidgets.js"></script>
<script src="/rmarkdown-libs/plotly-binding/plotly.js"></script>
<script src="/rmarkdown-libs/typedarray/typedarray.min.js"></script>
<script src="/rmarkdown-libs/jquery/jquery.min.js"></script>
<link href="/rmarkdown-libs/crosstalk/css/crosstalk.css" rel="stylesheet" />
<script src="/rmarkdown-libs/crosstalk/js/crosstalk.min.js"></script>
<link href="/rmarkdown-libs/plotly-htmlwidgets-css/plotly-htmlwidgets.css" rel="stylesheet" />
<script src="/rmarkdown-libs/plotly-main/plotly-latest.min.js"></script>
<script src="/rmarkdown-libs/threejs/three.min.js"></script>
<script src="/rmarkdown-libs/threejs/Detector.js"></script>
<script src="/rmarkdown-libs/threejs/Projector.js"></script>
<script src="/rmarkdown-libs/threejs/CanvasRenderer.js"></script>
<script src="/rmarkdown-libs/threejs/TrackballControls.js"></script>
<script src="/rmarkdown-libs/threejs/StateOrbitControls.js"></script>
<script src="/rmarkdown-libs/scatterplotThree-binding/scatterplotThree.js"></script>


<div id="load-packages" class="section level1">
<h1>Load packages</h1>
<pre class="r"><code>library(tidyverse)</code></pre>
</div>
<div id="motivation" class="section level1">
<h1>Motivation</h1>
<p>This post is a compilation, rather uncommented compilation, of various methods of plotting 3D (bivariate) Gaussian distributions in R.</p>
<p>I add the source to each method.</p>
<p>Note that some methods (5, 6) open a interactive window wihich is not supported here. I added a static version of the plot then.</p>
</div>
<div id="method-1" class="section level1">
<h1>Method 1</h1>
<p>Source: <a href="https://codegolf.stackexchange.com/questions/123039/plot-the-gaussian-distribution-in-3d" class="uri">https://codegolf.stackexchange.com/questions/123039/plot-the-gaussian-distribution-in-3d</a></p>
<p>Feel free to change the sd, <code>s</code> in the code below.</p>
<pre class="r"><code>s=1

plot3D::persp3D(z=sapply(x&lt;-seq(-6,6,.1),
                         function(y)exp(-(y^2+x^2)/(2*s^2))))
</code></pre>
<p><img src="/post/2020-05-30-various-methods-for-plotting-3d-bivariate-gaussians_files/figure-html/unnamed-chunk-1-1.png" width="120%" style="display: block; margin: auto;" /></p>
</div>
<div id="method-2" class="section level1">
<h1>Method 2</h1>
<p>Same source as above.</p>
<p>Using plotly, as more stylish:</p>
<pre class="r"><code>s = 2
plotly::plot_ly(z=sapply(x&lt;-seq(-6,6,.1),
                         function(y)exp(-(y^2+x^2)/(2*s^2))),x=x,y=x,type=&quot;surface&quot;)</code></pre>
<div id="htmlwidget-1" style="width:120%;height:355.968px;" class="plotly html-widget"></div>
<script type="application/json" data-for="htmlwidget-1">{"x":{"visdat":{"51131e3f5cda":["function () ","plotlyVisDat"]},"cur_data":"51131e3f5cda","attrs":{"51131e3f5cda":{"z":[[0.00012340980408668,0.00014320262107627,0.000165754960789129,0.000191379919163623,0.000220414652830147,0.000253220476528119,0.000290182651641186,0.000331709822449568,0.000378233056782625,0.000430204448777406,0.000488095243523415,0.000552393446602328,0.000623600885999444,0.000702229699636322,0.000788798228890298,0.00088382630693505,0.000987829940531229,0.00110131539495275,0.00122477270394692,0.0013586686398458,0.00150343919297757,0.00165948162413338,0.0018271461687449,0.0020067274863029,0.00219845596304253,0.00240248898965561,0.00261890234836329,0.00284768185468256,0.00308871540823677,0.00334178561359611,0.00360656313601573,0.0038826009577327,0.00416932969790412,0.00446605415309791,0.00477195120533961,0.0050860692310127,0.00540732912644096,0.00573452704488156,0.00606633891516319,0.0064013267846546,0.00673794699908547,0.00707456019949895,0.00740944308291468,0.00774080183881616,0.00806678713909961,0.00838551052542408,0.00869506200579546,0.00899352864251068,0.00927901388706474,0.00954965739502031,0.00980365503582183,0.0100392787996784,0.010254896296404,0.0104489895398265,0.0106201727162523,0.0107672086465471,0.0108890236685545,0.010984720689555,0.0110535901868594,0.011095118967858,0.0111089965382423,0.011095118967858,0.0110535901868594,0.010984720689555,0.0108890236685544,0.0107672086465471,0.0106201727162523,0.0104489895398265,0.010254896296404,0.0100392787996784,0.00980365503582183,0.00954965739502031,0.00927901388706474,0.00899352864251067,0.00869506200579546,0.00838551052542408,0.00806678713909961,0.00774080183881616,0.00740944308291468,0.00707456019949895,0.00673794699908547,0.0064013267846546,0.00606633891516318,0.00573452704488155,0.00540732912644095,0.0050860692310127,0.00477195120533961,0.0044660541530979,0.00416932969790411,0.0038826009577327,0.00360656313601573,0.00334178561359611,0.00308871540823677,0.00284768185468256,0.00261890234836329,0.00240248898965561,0.00219845596304253,0.00200672748630289,0.0018271461687449,0.00165948162413338,0.00150343919297757,0.0013586686398458,0.00122477270394692,0.00110131539495274,0.000987829940531229,0.00088382630693505,0.000788798228890297,0.000702229699636322,0.000623600885999444,0.000552393446602328,0.000488095243523415,0.000430204448777405,0.000378233056782625,0.000331709822449568,0.000290182651641186,0.000253220476528119,0.000220414652830147,0.000191379919163623,0.000165754960789128,0.00014320262107627,0.00012340980408668],[0.00014320262107627,0.000166169866607277,0.000192339215000501,0.000222073977415491,0.000255765384626359,0.000293832700062787,0.000336722974429917,0.000384910391545216,0.000438895155128181,0.000499201867465294,0.000566377353279971,0.000640987885883422,0.000723615777867065,0.000814855305295614,0.000915307942617523,0.00102557689533615,0.00114626092885076,0.00127794750470642,0.00142120524966299,0.00157657579833278,0.00174456506641857,0.00192563402853223,0.00212018909186467,0.00232857217423771,0.00255105061188917,0.0027878070382797,0.00303892938979961,0.00330440120701798,0.00358409241057947,0.00387775073855406,0.00418499403654957,0.004505303592817,0.004838018707587,0.00518233267871472,0.00553729037421313,0.00590178754635105,0.00627457202172143,0.00665424687720117,0.00703927568330133,0.0074279898644391,0.00781859819066169,0.00820919837793876,0.00859779073503406,0.00898229375497512,0.00936056150913295,0.00973040266282209,0.0100896008940751,0.0104359364627745,0.0107672086465471,0.0110812587335993,0.0113759932417622,0.0116494070180973,0.0118996058650165,0.0121248283373881,0.0123234663607587,0.0124940843336696,0.01263543639696,0.0127464815796171,0.0128263965636751,0.0128745858492275,0.0128906891440015,0.0128745858492275,0.0128263965636751,0.0127464815796171,0.01263543639696,0.0124940843336696,0.0123234663607587,0.0121248283373881,0.0118996058650165,0.0116494070180973,0.0113759932417622,0.0110812587335993,0.0107672086465471,0.0104359364627745,0.0100896008940751,0.00973040266282209,0.00936056150913295,0.00898229375497512,0.00859779073503406,0.00820919837793876,0.00781859819066169,0.0074279898644391,0.00703927568330133,0.00665424687720117,0.00627457202172143,0.00590178754635105,0.00553729037421313,0.00518233267871472,0.004838018707587,0.004505303592817,0.00418499403654957,0.00387775073855406,0.00358409241057946,0.00330440120701798,0.00303892938979961,0.0027878070382797,0.00255105061188916,0.00232857217423771,0.00212018909186467,0.00192563402853223,0.00174456506641857,0.00157657579833278,0.00142120524966299,0.00127794750470642,0.00114626092885076,0.00102557689533615,0.000915307942617521,0.000814855305295613,0.000723615777867064,0.000640987885883422,0.000566377353279971,0.000499201867465293,0.000438895155128181,0.000384910391545216,0.000336722974429917,0.000293832700062787,0.000255765384626358,0.000222073977415491,0.000192339215000501,0.000166169866607277,0.00014320262107627],[0.000165754960789129,0.000192339215000501,0.000222629856918889,0.000257047413951911,0.000296044730056855,0.000340107096584016,0.000389751968252754,0.000445528205967159,0.000508014788291227,0.000577818934777034,0.000655573587125696,0.000741934198497148,0.00083757478728597,0.000943183219433891,0.00105945569290761,0.00118709040934481,0.00132678043102699,0.00147920573618802,0.00164502450207057,0.00182486366289732,0.0020193088087702,0.00222889351112906,0.00245408818041392,0.00269528858155368,0.00295280415237345,0.00322684628846002,0.00351751677491213,0.00382479656017677,0.00414853507928325,0.00448844034269952,0.00484407001224897,0.00521482368659138,0.00559993661530851,0.00599847505234611,0.00640933344625638,0.0068312336462764,0.00726272627981489,0.00770219442857974,0.00814785969767999,0.00859779073503406,0.00904991421790279,0.00950202828005989,0.00995181830784842,0.0103968749870812,0.0108347144364362,0.0112628002177383,0.0116785669703954,0.0120794453773561,0.0124628881343327,0.0128263965636751,0.0131675474900798,0.0134840199780484,0.0137736215212945,0.0140343132725782,0.0142642339089993,0.0144617217426522,0.0146253347095942,0.0147538679009478,0.0148463683380868,0.0149021467384901,0.0149207860690678,0.0149021467384901,0.0148463683380868,0.0147538679009478,0.0146253347095942,0.0144617217426522,0.0142642339089993,0.0140343132725782,0.0137736215212945,0.0134840199780484,0.0131675474900798,0.0128263965636751,0.0124628881343327,0.0120794453773561,0.0116785669703954,0.0112628002177383,0.0108347144364362,0.0103968749870812,0.00995181830784842,0.00950202828005989,0.00904991421790279,0.00859779073503406,0.00814785969767998,0.00770219442857973,0.00726272627981488,0.0068312336462764,0.00640933344625638,0.00599847505234611,0.0055999366153085,0.00521482368659137,0.00484407001224897,0.00448844034269952,0.00414853507928324,0.00382479656017677,0.00351751677491213,0.00322684628846002,0.00295280415237344,0.00269528858155367,0.00245408818041391,0.00222889351112906,0.0020193088087702,0.00182486366289732,0.00164502450207057,0.00147920573618802,0.00132678043102699,0.00118709040934481,0.00105945569290761,0.000943183219433891,0.000837574787285969,0.000741934198497148,0.000655573587125696,0.000577818934777033,0.000508014788291227,0.000445528205967159,0.000389751968252754,0.000340107096584016,0.000296044730056855,0.000257047413951911,0.000222629856918889,0.000192339215000501,0.000165754960789129],[0.000191379919163623,0.000222073977415491,0.000257047413951911,0.000296785767793211,0.000341811890500074,0.000392686097244653,0.000450005838877839,0.000514404827687675,0.000586551549674505,0.000667147097754267,0.000756922263518467,0.00085663383018594,0.000967060016310479,0.00108899502876045,0.0012232426945221,0.00137060915401105,0.00153189461376577,0.00170788417354323,0.00189933776177572,0.00210697923384763,0.00233148470941076,0.0025734702476077,0.00283347898217971,0.00311196786150252,0.00340929416107288,0.00372570195726786,0.00406130877069668,0.00441609260452338,0.00478987961712187,0.00518233267871472,0.00559294106766752,0.00602101156334055,0.00646566118840074,0.00692581184392704,0.00740018706527728,0.00788731110542994,0.00838551052542408,0.00889291843879931,0.00940748151895319,0.00992696983561101,0.0104489895398265,0.0109709983669315,0.0114903238745902,0.0120041842796683,0.0125097117041585,0.0130039775881517,0.0134840199780484,0.0139468723521392,0.0143895936045511,0.0148092987735044,0.015203190071883,0.0155685877581821,0.0159029603746772,0.0162039538776756,0.0164694191922751,0.0166974377412245,0.0168863445240949,0.0170347483586106,0.0171415489400109,0.0172059504258514,0.0172274713116351,0.0172059504258514,0.0171415489400109,0.0170347483586106,0.0168863445240949,0.0166974377412245,0.0164694191922751,0.0162039538776756,0.0159029603746772,0.0155685877581821,0.015203190071883,0.0148092987735044,0.0143895936045511,0.0139468723521392,0.0134840199780484,0.0130039775881517,0.0125097117041585,0.0120041842796683,0.0114903238745902,0.0109709983669315,0.0104489895398265,0.00992696983561101,0.00940748151895318,0.0088929184387993,0.00838551052542408,0.00788731110542994,0.00740018706527728,0.00692581184392703,0.00646566118840073,0.00602101156334055,0.00559294106766752,0.00518233267871472,0.00478987961712187,0.00441609260452338,0.00406130877069667,0.00372570195726786,0.00340929416107288,0.00311196786150252,0.00283347898217971,0.0025734702476077,0.00233148470941076,0.00210697923384763,0.00189933776177572,0.00170788417354323,0.00153189461376577,0.00137060915401105,0.0012232426945221,0.00108899502876045,0.000967060016310479,0.00085663383018594,0.000756922263518467,0.000667147097754266,0.000586551549674504,0.000514404827687674,0.000450005838877839,0.000392686097244653,0.000341811890500072,0.00029678576779321,0.000257047413951911,0.000222073977415491,0.000191379919163623],[0.000220414652830147,0.000255765384626359,0.000296044730056855,0.000341811890500074,0.000393669040655079,0.000452261502532067,0.00051827736776812,0.000592446490752212,0.000675538775193844,0.000768361678596099,0.000871756862799135,0.000986595924526247,0.0011137751478448,0.00125420923076455,0.00140882395090566,0.00157854775029391,0.00176430223683434,0.0019669916197623,0.00218749111818289,0.00242663440541953,0.00268520017695382,0.00296389795582578,0.00326335327597615,0.00358409241057947,0.00392652683830563,0.00429093766497884,0.00467746024055846,0.0050860692310127,0.00551656442076078,0.00596855753321037,0.0064414603638506,0.00693447452177765,0.00744658307092434,0.00797654435124384,0.00852288824240069,0.00908391510804416,0.00965769762753778,0.0102420856843341,0.0108347144364362,0.0114330156451829,0.0120342322847238,0.0126354363969601,0.0132335500965409,0.0138253695689465,0.0144075918431124,0.0149768440598667,0.0155297149001055,0.0160627877835756,0.0165726754017613,0.0170560551080029,0.0175097046557943,0.0179305377532401,0.0183156388887342,0.0186622968806357,0.01896803661243,0.0192306484346376,0.0194482147453854,0.0196191333026007,0.0197421368714928,0.0198163088703384,0.0198410947443703,0.0198163088703384,0.0197421368714928,0.0196191333026007,0.0194482147453854,0.0192306484346376,0.01896803661243,0.0186622968806357,0.0183156388887342,0.0179305377532401,0.0175097046557943,0.0170560551080029,0.0165726754017613,0.0160627877835756,0.0155297149001055,0.0149768440598667,0.0144075918431124,0.0138253695689465,0.0132335500965409,0.01263543639696,0.0120342322847238,0.0114330156451829,0.0108347144364362,0.0102420856843341,0.00965769762753778,0.00908391510804416,0.00852288824240069,0.00797654435124383,0.00744658307092434,0.00693447452177765,0.0064414603638506,0.00596855753321037,0.00551656442076077,0.0050860692310127,0.00467746024055846,0.00429093766497884,0.00392652683830562,0.00358409241057946,0.00326335327597615,0.00296389795582577,0.00268520017695382,0.00242663440541952,0.00218749111818289,0.0019669916197623,0.00176430223683434,0.00157854775029391,0.00140882395090566,0.00125420923076455,0.0011137751478448,0.000986595924526247,0.000871756862799135,0.000768361678596097,0.000675538775193844,0.000592446490752211,0.00051827736776812,0.000452261502532067,0.000393669040655078,0.000341811890500073,0.000296044730056855,0.000255765384626359,0.000220414652830147],[0.000253220476528119,0.000293832700062787,0.000340107096584016,0.000392686097244653,0.000452261502532067,0.000519574682154838,0.000595416141145186,0.000680624363123864,0.00077608384184706,0.00088272221425307,0.00100150641248322,0.00113343775897582,0.00127954593789992,0.00144088178804021,0.00161850887684617,0.00181349383273462,0.00202689543283263,0.00225975246603433,0.00251307041630372,0.0027878070382797,0.00308485692603026,0.00340503520577315,0.00374906051395351,0.00411753745258996,0.00451093874354349,0.00492958733154505,0.00537363871161628,0.00584306377908776,0.00633763251892138,0.00685689886465798,0.00740018706527728,0.00796657989988433,0.00855490907484612,0.00916374812533958,0.00979140812294225,0.0104359364627745,0.011095118967858,0.0117664855050607,0.0124473192567404,0.0131346697356714,0.0138253695689465,0.0145160550103924,0.015203190071883,0.0158830940932215,0.0165519724995186,0.0172059504258514,0.0178411088231094,0.0184535225979801,0.0190393002856017,0.0195946247070359,0.0201157940267409,0.0205992625988424,0.0210416809761563,0.0214399344532934,0.0217911795251816,0.0220928776650624,0.022342825861231,0.0225391833989439,0.0226804944321696,0.022765705958044,0.0227941808836123,0.022765705958044,0.0226804944321696,0.0225391833989439,0.022342825861231,0.0220928776650624,0.0217911795251816,0.0214399344532934,0.0210416809761563,0.0205992625988424,0.0201157940267409,0.0195946247070359,0.0190393002856017,0.0184535225979801,0.0178411088231094,0.0172059504258514,0.0165519724995186,0.0158830940932215,0.015203190071883,0.0145160550103924,0.0138253695689465,0.0131346697356714,0.0124473192567404,0.0117664855050607,0.011095118967858,0.0104359364627745,0.00979140812294225,0.00916374812533957,0.00855490907484611,0.00796657989988433,0.00740018706527728,0.00685689886465798,0.00633763251892137,0.00584306377908776,0.00537363871161628,0.00492958733154505,0.00451093874354348,0.00411753745258996,0.00374906051395351,0.00340503520577315,0.00308485692603026,0.00278780703827969,0.00251307041630371,0.00225975246603433,0.00202689543283263,0.00181349383273462,0.00161850887684616,0.00144088178804021,0.00127954593789992,0.00113343775897582,0.00100150641248322,0.000882722214253067,0.00077608384184706,0.000680624363123864,0.000595416141145186,0.000519574682154838,0.000452261502532066,0.000392686097244653,0.000340107096584015,0.000293832700062787,0.000253220476528119],[0.000290182651641186,0.000336722974429917,0.000389751968252754,0.000450005838877839,0.00051827736776812,0.000595416141145186,0.000682328052756376,0.000779973978292963,0.000889367519605198,0.00101157171926454,0.00114769465090143,0.00129888379833818,0.0014663191470429,0.00165120492500366,0.0018547599468555,0.00207820653500521,0.00232275801452996,0.00258960480462461,0.00287989915808824,0.00319473863142396,0.00353514840111967,0.00390206257602207,0.00429630469075234,0.0047185676000881,0.00516939302832033,0.00564915105988949,0.0061580198871689,0.00669596615712859,0.00726272627981488,0.00785778907718366,0.00848038015995326,0.00912944842200825,0.00980365503582183,0.0105013653178546,0.0112206438095891,0.0119592528876336,0.0127146551752497,0.0134840199780484,0.0142642339089993,0.0150519158031247,0.0158434359513211,0.0166349396069367,0.0174223746394935,0.0182015231288994,0.0189680366124299,0.0197174746175234,0.0204453460379377,0.0211471528409662,0.0218184355310428,0.0224548197419184,0.0230520632872256,0.0236061029690125,0.0241131004268169,0.0245694863068432,0.0249720020422761,0.0253177385617954,0.0256041712837126,0.0258291908071907,0.0259911287787553,0.0260887784904519,0.0261214098539182,0.0260887784904519,0.0259911287787553,0.0258291908071907,0.0256041712837126,0.0253177385617954,0.0249720020422761,0.0245694863068432,0.0241131004268169,0.0236061029690125,0.0230520632872256,0.0224548197419184,0.0218184355310428,0.0211471528409662,0.0204453460379376,0.0197174746175234,0.0189680366124299,0.0182015231288994,0.0174223746394935,0.0166349396069367,0.0158434359513211,0.0150519158031247,0.0142642339089992,0.0134840199780484,0.0127146551752497,0.0119592528876336,0.0112206438095891,0.0105013653178545,0.00980365503582182,0.00912944842200825,0.00848038015995326,0.00785778907718366,0.00726272627981488,0.00669596615712859,0.00615801988716889,0.00564915105988949,0.00516939302832032,0.0047185676000881,0.00429630469075234,0.00390206257602207,0.00353514840111967,0.00319473863142395,0.00287989915808824,0.00258960480462461,0.00232275801452996,0.00207820653500521,0.0018547599468555,0.00165120492500365,0.0014663191470429,0.00129888379833818,0.00114769465090143,0.00101157171926454,0.000889367519605196,0.000779973978292962,0.000682328052756376,0.000595416141145186,0.000518277367768118,0.000450005838877838,0.000389751968252754,0.000336722974429917,0.000290182651641186],[0.000331709822449568,0.000384910391545216,0.000445528205967159,0.000514404827687675,0.000592446490752212,0.000680624363123864,0.000779973978292963,0.00089159371999522,0.00101664224360813,0.00115633472054406,0.0013119377975344,0.00148476317137709,0.00167615969172903,0.00188750392004163,0.00212018909186467,0.00237561245250633,0.00265516096236433,0.00296019539796176,0.00329203290754727,0.00365192811565034,0.00404105290869788,0.004460475073058,0.00491113599692682,0.00539382768745559,0.00590916939347726,0.00645758416110899,0.00703927568330133,0.00765420583397204,0.00830207330159801,0.00898229375497512,0.00969398198428923,0.0104359364627745,0.0112066267673037,0.0120041842796683,0.0128263965636751,0.0136707057763455,0.0145342114245501,0.0154136777216975,0.0163055457332574,0.0172059504258514,0.0181107426535691,0.0190155160285023,0.0199156385319073,0.0208062886297714,0.0216824955638838,0.0225391833989439,0.0233712183199366,0.0241734585941565,0.0249408065409735,0.0256682617916764,0.0263509750733028,0.0269843017158025,0.0275638540624348,0.0280855519598654,0.0285456705175341,0.0289408843556304,0.0292683076071361,0.0295255290011735,0.0297106414311955,0.0298222655008837,0.0298595666411155,0.0298222655008837,0.0297106414311955,0.0295255290011735,0.0292683076071361,0.0289408843556304,0.0285456705175341,0.0280855519598654,0.0275638540624348,0.0269843017158025,0.0263509750733028,0.0256682617916764,0.0249408065409735,0.0241734585941565,0.0233712183199366,0.0225391833989439,0.0216824955638837,0.0208062886297714,0.0199156385319073,0.0190155160285022,0.0181107426535691,0.0172059504258514,0.0163055457332573,0.0154136777216975,0.0145342114245501,0.0136707057763455,0.0128263965636751,0.0120041842796683,0.0112066267673037,0.0104359364627745,0.00969398198428923,0.00898229375497512,0.00830207330159801,0.00765420583397203,0.00703927568330133,0.00645758416110899,0.00590916939347725,0.00539382768745558,0.00491113599692682,0.004460475073058,0.00404105290869788,0.00365192811565034,0.00329203290754727,0.00296019539796176,0.00265516096236433,0.00237561245250633,0.00212018909186467,0.00188750392004163,0.00167615969172903,0.00148476317137709,0.0013119377975344,0.00115633472054406,0.00101664224360813,0.000891593719995219,0.000779973978292963,0.000680624363123864,0.000592446490752211,0.000514404827687674,0.000445528205967159,0.000384910391545216,0.000331709822449568],[0.000378233056782625,0.000438895155128181,0.000508014788291227,0.000586551549674505,0.000675538775193844,0.00077608384184706,0.000889367519605198,0.00101664224360813,0.00115922917390459,0.00131851391311078,0.00149594075872006,0.00169300537669065,0.00191124579663264,0.00215223164660756,0.0024175515673645,0.00270879877179082,0.00302755474537581,0.00337537111737222,0.00375374976977026,0.00416412129171378,0.00460782192999275,0.0050860692310127,0.0055999366153085,0.00615032717125903,0.00673794699908547,0.00736327847831116,0.00802655387039515,0.00872772970196506,0.00946646240171032,0.0102420856843341,0.0110535901868594,0.0118996058650165,0.0127783876495358,0.0136878048432563,0.0146253347095942,0.0155880606609085,0.0165726754017612,0.0175754893174026,0.0185924443227378,0.0196191333026007,0.0206508251817126,0.0216824955638837,0.0227088627767313,0.0237244290525539,0.0247235264703394,0.0257003671806037,0.0266490973363555,0.0275638540624348,0.0284388247141845,0.0292683076071361,0.0300467733441731,0.0307689258272247,0.0314297620183677,0.0320246295113019,0.0325492809891034,0.0329999246781026,0.0333732699603261,0.0336665673773823,0.0338776423456743,0.0340049220046754,0.0340474547345993,0.0340049220046754,0.0338776423456743,0.0336665673773823,0.0333732699603261,0.0329999246781026,0.0325492809891034,0.0320246295113019,0.0314297620183677,0.0307689258272247,0.0300467733441731,0.0292683076071361,0.0284388247141845,0.0275638540624348,0.0266490973363555,0.0257003671806037,0.0247235264703394,0.0237244290525539,0.0227088627767313,0.0216824955638837,0.0206508251817126,0.0196191333026007,0.0185924443227378,0.0175754893174026,0.0165726754017612,0.0155880606609085,0.0146253347095942,0.0136878048432563,0.0127783876495358,0.0118996058650165,0.0110535901868594,0.0102420856843341,0.00946646240171031,0.00872772970196505,0.00802655387039515,0.00736327847831116,0.00673794699908545,0.00615032717125903,0.0055999366153085,0.0050860692310127,0.00460782192999275,0.00416412129171377,0.00375374976977026,0.00337537111737221,0.00302755474537581,0.00270879877179082,0.0024175515673645,0.00215223164660756,0.00191124579663263,0.00169300537669065,0.00149594075872006,0.00131851391311078,0.00115922917390459,0.00101664224360813,0.000889367519605198,0.00077608384184706,0.000675538775193843,0.000586551549674504,0.000508014788291227,0.000438895155128181,0.000378233056782625],[0.000430204448777406,0.000499201867465294,0.000577818934777034,0.000667147097754267,0.000768361678596099,0.00088272221425307,0.00101157171926454,0.00115633472054406,0.00131851391311078,0.00149968528932985,0.0017014916014564,0.00192563402853223,0.00217386193425981,0.00244796062260158,0.00274973702265988,0.00308100326391332,0.00344355813703074,0.00383916647402616,0.00426953652409186,0.00473629544752757,0.00524096309909852,0.00578492432307163,0.00636940003412169,0.00699541741015202,0.00766377957360519,0.0083750351857186,0.00912944842200826,0.00992696983561101,0.0107672086465471,0.0116494070180973,0.0125724168950207,0.0135346799811046,0.0145342114245501,0.0155685877581821,0.0166349396069367,0.017729949627298,0.0188498560824604,0.0199904623834394,0.0211471528409662,0.0223149147769664,0.0234883670392749,0.0246617948508398,0.0258291908071908,0.0269843017158025,0.028120680850798,0.029231745078968,0.0303108362011601,0.0313512857495309,0.0323464823886991,0.0332899409900386,0.0341753723855462,0.0349967527628911,0.0357483916380363,0.0364249973373642,0.0370217389382381,0.0375343036555318,0.0379589487214835,0.0382925468863447,0.038532624766256,0.0386773933806308,0.0387257703516644,0.0386773933806308,0.038532624766256,0.0382925468863447,0.0379589487214835,0.0375343036555318,0.0370217389382381,0.0364249973373642,0.0357483916380363,0.034996752762891,0.0341753723855462,0.0332899409900386,0.0323464823886991,0.0313512857495309,0.0303108362011601,0.029231745078968,0.028120680850798,0.0269843017158025,0.0258291908071908,0.0246617948508398,0.0234883670392749,0.0223149147769664,0.0211471528409662,0.0199904623834394,0.0188498560824604,0.017729949627298,0.0166349396069367,0.0155685877581821,0.0145342114245501,0.0135346799811046,0.0125724168950207,0.0116494070180973,0.0107672086465471,0.009926969835611,0.00912944842200825,0.0083750351857186,0.00766377957360519,0.00699541741015201,0.00636940003412169,0.00578492432307163,0.00524096309909852,0.00473629544752756,0.00426953652409185,0.00383916647402616,0.00344355813703074,0.00308100326391332,0.00274973702265987,0.00244796062260158,0.0021738619342598,0.00192563402853223,0.0017014916014564,0.00149968528932984,0.00131851391311078,0.00115633472054406,0.00101157171926454,0.00088272221425307,0.000768361678596097,0.000667147097754267,0.000577818934777034,0.000499201867465294,0.000430204448777406],[0.000488095243523415,0.000566377353279971,0.000655573587125696,0.000756922263518467,0.000871756862799135,0.00100150641248322,0.00114769465090143,0.0013119377975344,0.00149594075872006,0.0017014916014564,0.00193045413622771,0.00218475846255074,0.00246638934860905,0.00277737233917513,0.00311975751416499,0.00349560085366367,0.00390694320399908,0.00435578688317169,0.00484407001224897,0.00537363871161628,0.00594621735647209,0.00656337714372438,0.00722650328137646,0.00793676117032151,0.00869506200579546,0.00950202828005989,0.0103579597176137,0.0112628002177383,0.0122161064148434,0.0132170184933248,0.0142642339089993,0.0153559846723178,0.016490018838362,0.0176635868242203,0.0188734331351515,0.0201157940267409,0.0213864015611571,0.0226804944321696,0.0239928358367092,0.0253177385617954,0.0266490973363555,0.0279804283699387,0.0293049158670408,0.0306154651694426,0.031904762042608,0.0331653374889103,0.0343896373434727,0.0355700957909135,0.0366992118363866,0.0377696276749112,0.038774207831722,0.0397061178955181,0.040558901637872,0.0413265553070084,0.0420035979034456,0.0425851362887876,0.0430669240468309,0.0434454131070431,0.0437177972527509,0.0438820467678096,0.0439369336234074,0.0438820467678096,0.0437177972527509,0.0434454131070431,0.0430669240468309,0.0425851362887876,0.0420035979034456,0.0413265553070084,0.040558901637872,0.0397061178955181,0.038774207831722,0.0377696276749112,0.0366992118363865,0.0355700957909134,0.0343896373434727,0.0331653374889103,0.031904762042608,0.0306154651694426,0.0293049158670407,0.0279804283699387,0.0266490973363555,0.0253177385617954,0.0239928358367092,0.0226804944321696,0.0213864015611571,0.0201157940267409,0.0188734331351515,0.0176635868242203,0.016490018838362,0.0153559846723177,0.0142642339089993,0.0132170184933248,0.0122161064148434,0.0112628002177383,0.0103579597176137,0.00950202828005989,0.00869506200579545,0.0079367611703215,0.00722650328137646,0.00656337714372438,0.00594621735647209,0.00537363871161627,0.00484407001224896,0.00435578688317168,0.00390694320399908,0.00349560085366367,0.00311975751416499,0.00277737233917512,0.00246638934860905,0.00218475846255074,0.00193045413622771,0.00170149160145639,0.00149594075872006,0.0013119377975344,0.00114769465090143,0.00100150641248322,0.000871756862799134,0.000756922263518467,0.000655573587125695,0.000566377353279971,0.000488095243523415],[0.000552393446602328,0.000640987885883422,0.000741934198497148,0.00085663383018594,0.000986595924526247,0.00113343775897582,0.00129888379833818,0.00148476317137709,0.00169300537669065,0.00192563402853223,0.00218475846255074,0.00247256303587419,0.00279129397595957,0.00314324365847118,0.00353073222630255,0.00395608649976259,0.00442161617178936,0.00492958733154505,0.00548219341441057,0.00608152373556783,0.00672952982716504,0.00742798986443909,0.00817847153286402,0.00898229375497512,0.00984048776040141,0.0107537580441168,0.0117224438141984,0.0127464815796171,0.0138253695689465,0.0149581347005775,0.0161433028424009,0.0173788731024731,0.0186622968806357,0.0199904623834394,0.0213596852603723,0.022765705958044,0.0242036943107852,0.0256682617916764,0.0271534817383809,0.0286529177448457,0.0301596602749196,0.0316663714096172,0.0331653374889103,0.034648529254661,0.0361076689469888,0.0375343036555317,0.0389198840833484,0.0402558477482378,0.041533705527532,0.0427451303512446,0.0438820467678096,0.044936720049089,0.0459018434689461,0.046770622383959,0.0475368537666759,0.0481949998913783,0.0487402549491314,0.0491686034717735,0.0494768695715643,0.0496627561519601,0.0497248734123496,0.0496627561519601,0.0494768695715643,0.0491686034717735,0.0487402549491314,0.0481949998913783,0.0475368537666759,0.0467706223839589,0.0459018434689461,0.044936720049089,0.0438820467678096,0.0427451303512446,0.041533705527532,0.0402558477482378,0.0389198840833484,0.0375343036555317,0.0361076689469888,0.034648529254661,0.0331653374889103,0.0316663714096172,0.0301596602749196,0.0286529177448457,0.0271534817383809,0.0256682617916764,0.0242036943107852,0.022765705958044,0.0213596852603723,0.0199904623834394,0.0186622968806357,0.0173788731024731,0.0161433028424009,0.0149581347005775,0.0138253695689465,0.0127464815796171,0.0117224438141984,0.0107537580441168,0.00984048776040139,0.0089822937549751,0.00817847153286401,0.00742798986443909,0.00672952982716504,0.00608152373556782,0.00548219341441057,0.00492958733154504,0.00442161617178936,0.00395608649976259,0.00353073222630255,0.00314324365847117,0.00279129397595956,0.00247256303587419,0.00218475846255074,0.00192563402853223,0.00169300537669065,0.00148476317137709,0.00129888379833818,0.00113343775897582,0.000986595924526245,0.000856633830185939,0.000741934198497147,0.000640987885883422,0.000552393446602328],[0.000623600885999444,0.000723615777867065,0.00083757478728597,0.000967060016310479,0.0011137751478448,0.00127954593789992,0.0014663191470429,0.00167615969172903,0.00191124579663264,0.00217386193425981,0.00246638934860905,0.00279129397595957,0.00315111159844444,0.00354843009523585,0.00398586869212829,0.00446605415309791,0.00499159390691021,0.00556504615771843,0.00618888709030594,0.00686547534742381,0.00759701402757757,0.00838551052542408,0.00923273461223162,0.0101401752290197,0.0111089965382423,0.0121399938492801,0.0132335500965409,0.0143895936045511,0.0156075579199828,0.0168863445240949,0.0182242892586773,0.0196191333026007,0.0210679995230414,0.0225673749942689,0.0241131004268169,0.0257003671806037,0.0273237224472926,0.0289770830805646,0.0306537584292056,0.0323464823886991,0.0340474547345993,0.0357483916380363,0.0374405850934073,0.0391149708141617,0.0407622039783662,0.0423727420354648,0.0439369336234074,0.0454451124952105,0.0468876952199885,0.0482552813092796,0.0495387543284439,0.0507293824879399,0.0518189171727258,0.0527996878615745,0.0536646919127301,0.0544076777482899,0.0550232200564072,0.0555067857465493,0.0558547895364847,0.0560646382176072,0.0561347628341337,0.0560646382176072,0.0558547895364847,0.0555067857465493,0.0550232200564072,0.0544076777482899,0.0536646919127301,0.0527996878615745,0.0518189171727258,0.0507293824879399,0.0495387543284439,0.0482552813092796,0.0468876952199885,0.0454451124952105,0.0439369336234074,0.0423727420354648,0.0407622039783662,0.0391149708141617,0.0374405850934073,0.0357483916380363,0.0340474547345993,0.0323464823886991,0.0306537584292056,0.0289770830805646,0.0273237224472926,0.0257003671806037,0.0241131004268169,0.0225673749942689,0.0210679995230414,0.0196191333026007,0.0182242892586773,0.0168863445240949,0.0156075579199828,0.0143895936045511,0.0132335500965409,0.0121399938492801,0.0111089965382423,0.0101401752290197,0.00923273461223161,0.00838551052542408,0.00759701402757757,0.0068654753474238,0.00618888709030593,0.00556504615771843,0.00499159390691021,0.00446605415309791,0.00398586869212828,0.00354843009523585,0.00315111159844444,0.00279129397595957,0.00246638934860905,0.0021738619342598,0.00191124579663263,0.00167615969172903,0.0014663191470429,0.00127954593789992,0.0011137751478448,0.000967060016310479,0.000837574787285969,0.000723615777867065,0.000623600885999444],[0.000702229699636322,0.000814855305295614,0.000943183219433891,0.00108899502876045,0.00125420923076455,0.00144088178804021,0.00165120492500366,0.00188750392004163,0.00215223164660756,0.00244796062260158,0.00277737233917513,0.00314324365847118,0.00354843009523585,0.00399584583008463,0.00448844034269952,0.00502917160142118,0.00562097580143461,0.00626673370666181,0.00696923371996704,0.00773113188150006,0.00855490907484611,0.0094428258037642,0.0103968749870812,0.0114187333039494,0.0125097117041585,0.0136707057763455,0.0149021467384901,0.0162039538776756,0.0175754893174026,0.0190155160285022,0.0205221600217833,0.0220928776650624,0.0237244290525539,0.0254128583194794,0.0271534817383809,0.0289408843556303,0.0307689258272247,0.032630755992896,0.0345188405881845,0.0364249973373642,0.0383404424984737,0.0402558477482378,0.0421614071028998,0.0440469133748741,0.0459018434689461,0.0477154516300003,0.0494768695715643,0.0511752122454152,0.0527996878615745,0.0543397106393974,0.0557850146679421,0.0571257671806353,0.0583526795080839,0.0594571139656111,0.0604311849598396,0.0612678526616549,0.061961007690532,0.0625055453859822,0.062897428403414,0.0631337365607983,0.0632127030752888,0.0631337365607983,0.062897428403414,0.0625055453859822,0.061961007690532,0.0612678526616549,0.0604311849598396,0.0594571139656111,0.0583526795080839,0.0571257671806352,0.0557850146679421,0.0543397106393974,0.0527996878615744,0.0511752122454152,0.0494768695715643,0.0477154516300003,0.0459018434689461,0.0440469133748741,0.0421614071028998,0.0402558477482378,0.0383404424984737,0.0364249973373642,0.0345188405881845,0.032630755992896,0.0307689258272247,0.0289408843556303,0.0271534817383809,0.0254128583194793,0.0237244290525539,0.0220928776650624,0.0205221600217833,0.0190155160285022,0.0175754893174026,0.0162039538776756,0.0149021467384901,0.0136707057763455,0.0125097117041585,0.0114187333039494,0.0103968749870812,0.0094428258037642,0.00855490907484611,0.00773113188150005,0.00696923371996703,0.0062667337066618,0.00562097580143461,0.00502917160142118,0.00448844034269952,0.00399584583008463,0.00354843009523585,0.00314324365847118,0.00277737233917513,0.00244796062260158,0.00215223164660756,0.00188750392004163,0.00165120492500366,0.00144088178804021,0.00125420923076455,0.00108899502876045,0.000943183219433891,0.000814855305295614,0.000702229699636322],[0.000788798228890298,0.000915307942617523,0.00105945569290761,0.0012232426945221,0.00140882395090566,0.00161850887684617,0.0018547599468555,0.00212018909186467,0.0024175515673645,0.00274973702265988,0.00311975751416499,0.00353073222630255,0.00398586869212829,0.00448844034269952,0.00504176025969098,0.00564915105988949,0.00631391090280441,0.00703927568330134,0.00782837754922577,0.00868419996847587,0.00960952965966965,0.0106069057939109,0.0116785669703955,0.0128263965636751,0.014051867133046,0.0153559846723178,0.0167392335585806,0.0182015231288994,0.0197421368714928,0.0213596852603723,0.0230520632872256,0.0248164137493992,0.0266490973363555,0.0285456705175341,0.0305008721712175,0.0325086198064007,0.0345620161180041,0.0366533664809077,0.038774207831722,0.0409153492111295,0.0430669240468309,0.0452184540510497,0.0473589243911409,0.0494768695715643,0.0515604692451142,0.0535976529559163,0.0555762126114831,0.0574839212912445,0.0593086568294388,0.0610385284657803,0.0626620047421532,0.0641680407414,0.0655462027180244,0.0667867881624652,0.0678809393717615,0.0688207486702054,0.0695993535332691,0.0702110200149881,0.0706512130604296,0.0709166524972886,0.071005353739637,0.0709166524972886,0.0706512130604296,0.0702110200149881,0.0695993535332691,0.0688207486702054,0.0678809393717615,0.0667867881624652,0.0655462027180244,0.0641680407414,0.0626620047421532,0.0610385284657803,0.0593086568294387,0.0574839212912444,0.0555762126114831,0.0535976529559163,0.0515604692451142,0.0494768695715643,0.0473589243911409,0.0452184540510497,0.0430669240468309,0.0409153492111295,0.038774207831722,0.0366533664809077,0.0345620161180041,0.0325086198064007,0.0305008721712175,0.0285456705175341,0.0266490973363555,0.0248164137493991,0.0230520632872256,0.0213596852603723,0.0197421368714928,0.0182015231288994,0.0167392335585806,0.0153559846723178,0.014051867133046,0.0128263965636751,0.0116785669703954,0.0106069057939109,0.00960952965966965,0.00868419996847585,0.00782837754922577,0.00703927568330133,0.00631391090280441,0.00564915105988949,0.00504176025969097,0.00448844034269952,0.00398586869212829,0.00353073222630255,0.00311975751416499,0.00274973702265987,0.0024175515673645,0.00212018909186467,0.0018547599468555,0.00161850887684617,0.00140882395090566,0.0012232426945221,0.00105945569290761,0.000915307942617523,0.000788798228890298],[0.00088382630693505,0.00102557689533615,0.00118709040934481,0.00137060915401105,0.00157854775029391,0.00181349383273462,0.00207820653500521,0.00237