---
title: Plotting functions in 3d
author: Sebastian Sauer
date: '2019-11-19'
slug: plotting-functions-in-3d
categories:
  - rstats
tags:
  - plotting
---

<script src="/rmarkdown-libs/htmlwidgets/htmlwidgets.js"></script>
<script src="/rmarkdown-libs/plotly-binding/plotly.js"></script>
<script src="/rmarkdown-libs/typedarray/typedarray.min.js"></script>
<script src="/rmarkdown-libs/jquery/jquery.min.js"></script>
<link href="/rmarkdown-libs/crosstalk/css/crosstalk.css" rel="stylesheet" />
<script src="/rmarkdown-libs/crosstalk/js/crosstalk.min.js"></script>
<link href="/rmarkdown-libs/plotly-htmlwidgets-css/plotly-htmlwidgets.css" rel="stylesheet" />
<script src="/rmarkdown-libs/plotly-main/plotly-latest.min.js"></script>


<div id="load-packages" class="section level1">
<h1>Load packages</h1>
<pre class="r"><code>library(tidyverse)
library(mosaic)
library(plotly)</code></pre>
</div>
<div id="gimme-a-function" class="section level1">
<h1>Gimme a function</h1>
<p>Say, you have some function such as</p>
<p><span class="math display">\[
f(x) = x^2+z^2
\]</span></p>
<p>In more R-ish:</p>
<pre class="r"><code>f &lt;- makeFun(x^2 + z^2 ~ x &amp; z)</code></pre>
<p>And you would like to plot it.</p>
<p>Observe that this function has <em>two</em> input (independent) variables, <span class="math inline">\(x\)</span> and <span class="math inline">\(z\)</span>, plus one output (dependent) variables, <span class="math inline">\(y\)</span>.</p>
<p>The thing is, you’ll need to define the values for a number of output values for <span class="math inline">\(y\)</span>, as defined by the function.</p>
</div>
<div id="define-a-grid" class="section level1">
<h1>Define a grid</h1>
<p>First, we define a grid for the input variables.</p>
<pre class="r"><code>x &lt;- y &lt;- seq(-5, 5, length = 20)</code></pre>
</div>
<div id="compute-the-function-value-for-each-combination-of-the-input-variables" class="section level1">
<h1>Compute the function value for each combination of the input variables</h1>
<p>Then we compute the <span class="math inline">\(y\)</span> value for each combination of <span class="math inline">\(x\)</span> and <span class="math inline">\(y\)</span>, this can be achieved using <code>outer()</code>. That function applies some function on each combination of <span class="math inline">\(x\)</span> and <span class="math inline">\(y\)</span>, and that’s just what we would like to achieve.</p>
<pre class="r"><code>z &lt;- outer(x,y, FUN = f)</code></pre>
</div>
<div id="plot-in-base-r" class="section level1">
<h1>Plot in Base R</h1>
<p>Now, let’s plot:</p>
<pre class="r"><code>persp(x, y, z)</code></pre>
<p><img src="/post/2019-11-19-plotting-functions-in-3d_files/figure-html/unnamed-chunk-4-1.png" width="70%" style="display: block; margin: auto;" /></p>
</div>
<div id="plot-using-plotly" class="section level1">
<h1>Plot using Plotly</h1>
<pre class="r"><code>plot_ly(x = x, y = y, z = z, type = &quot;surface&quot;)</code></pre>
<div id="htmlwidget-1" style="width:70%;height:355.968px;" class="plotly html-widget"></div>
<script type="application/json" data-for="htmlwidget-1">{"x":{"visdat":{"10b218feab2a":["function () ","plotlyVisDat"]},"cur_data":"10b218feab2a","attrs":{"10b218feab2a":{"x":[-5,-4.47368421052632,-3.94736842105263,-3.42105263157895,-2.89473684210526,-2.36842105263158,-1.84210526315789,-1.31578947368421,-0.789473684210527,-0.263157894736842,0.263157894736842,0.789473684210526,1.31578947368421,1.84210526315789,2.36842105263158,2.89473684210526,3.42105263157895,3.94736842105263,4.47368421052632,5],"y":[-5,-4.47368421052632,-3.94736842105263,-3.42105263157895,-2.89473684210526,-2.36842105263158,-1.84210526315789,-1.31578947368421,-0.789473684210527,-0.263157894736842,0.263157894736842,0.789473684210526,1.31578947368421,1.84210526315789,2.36842105263158,2.89473684210526,3.42105263157895,3.94736842105263,4.47368421052632,5],"z":[[50,45.0138504155125,40.5817174515235,36.7036011080332,33.3795013850416,30.6094182825485,28.393351800554,26.7313019390582,25.6232686980609,25.0692520775623,25.0692520775623,25.6232686980609,26.7313019390582,28.393351800554,30.6094182825485,33.3795013850416,36.7036011080332,40.5817174515235,45.0138504155125,50],[45.0138504155125,40.0277008310249,35.595567867036,31.7174515235457,28.393351800554,25.6232686980609,23.4072022160665,21.7451523545706,20.6371191135734,20.0831024930748,20.0831024930748,20.6371191135734,21.7451523545706,23.4072022160665,25.6232686980609,28.393351800554,31.7174515235457,35.595567867036,40.0277008310249,45.0138504155125],[40.5817174515235,35.595567867036,31.1634349030471,27.2853185595568,23.9612188365651,21.191135734072,18.9750692520776,17.3130193905817,16.2049861495845,15.6509695290859,15.6509695290859,16.2049861495845,17.3130193905817,18.9750692520776,21.191135734072,23.9612188365651,27.2853185595568,31.1634349030471,35.595567867036,40.5817174515235],[36.7036011080332,31.7174515235457,27.2853185595568,23.4072022160665,20.0831024930748,17.3130193905817,15.0969529085873,13.4349030470914,12.3268698060942,11.7728531855956,11.7728531855956,12.3268698060942,13.4349030470914,15.0969529085873,17.3130193905817,20.0831024930748,23.4072022160665,27.2853185595568,31.7174515235457,36.7036011080332],[33.3795013850416,28.393351800554,23.9612188365651,20.0831024930748,16.7590027700831,13.98891966759,11.7728531855956,10.1108033240997,9.00277008310249,8.44875346260388,8.44875346260388,9.00277008310249,10.1108033240997,11.7728531855956,13.98891966759,16.7590027700831,20.0831024930748,23.9612188365651,28.393351800554,33.3795013850416],[30.6094182825485,25.6232686980609,21.191135734072,17.3130193905817,13.98891966759,11.218836565097,9.00277008310249,7.34072022160665,6.23268698060942,5.6786703601108,5.6786703601108,6.23268698060942,7.34072022160665,9.00277008310249,11.218836565097,13.98891966759,17.3130193905817,21.191135734072,25.6232686980609,30.6094182825485],[28.393351800554,23.4072022160665,18.9750692520776,15.0969529085873,11.7728531855956,9.00277008310249,6.78670360110803,5.12465373961219,4.01662049861496,3.46260387811634,3.46260387811634,4.01662049861496,5.12465373961219,6.78670360110803,9.00277008310249,11.7728531855956,15.0969529085873,18.9750692520776,23.4072022160665,28.393351800554],[26.7313019390582,21.7451523545706,17.3130193905817,13.4349030470914,10.1108033240997,7.34072022160665,5.12465373961219,3.46260387811634,2.35457063711911,1.8005540166205,1.8005540166205,2.35457063711911,3.46260387811634,5.12465373961219,7.34072022160665,10.1108033240997,13.4349030470914,17.3130193905817,21.7451523545706,26.7313019390582],[25.6232686980609,20.6371191135734,16.2049861495845,12.3268698060942,9.00277008310249,6.23268698060942,4.01662049861496,2.35457063711911,1.24653739612188,0.692520775623269,0.692520775623269,1.24653739612188,2.35457063711911,4.01662049861496,6.23268698060942,9.00277008310249,12.3268698060942,16.2049861495845,20.6371191135734,25.6232686980609],[25.0692520775623,20.0831024930748,15.6509695290859,11.7728531855956,8.44875346260388,5.6786703601108,3.46260387811634,1.8005540166205,0.692520775623269,0.138504155124654,0.138504155124654,0.692520775623268,1.8005540166205,3.46260387811634,5.6786703601108,8.44875346260388,11.7728531855956,15.6509695290859,20.0831024930748,25.0692520775623],[25.0692520775623,20.0831024930748,15.6509695290859,11.7728531855956,8.44875346260388,5.6786703601108,3.46260387811634,1.8005540166205,0.692520775623269,0.138504155124654,0.138504155124653,0.692520775623267,1.8005540166205,3.46260387811634,5.6786703601108,8.44875346260388,11.7728531855956,15.6509695290859,20.0831024930748,25.0692520775623],[25.6232686980609,20.6371191135734,16.2049861495845,12.3268698060942,9.00277008310249,6.23268698060942,4.01662049861496,2.35457063711911,1.24653739612188,0.692520775623268,0.692520775623267,1.24653739612188,2.35457063711911,4.01662049861496,6.23268698060942,9.00277008310249,12.3268698060942,16.2049861495845,20.6371191135734,25.6232686980609],[26.7313019390582,21.7451523545706,17.3130193905817,13.4349030470914,10.1108033240997,7.34072022160665,5.12465373961219,3.46260387811634,2.35457063711911,1.8005540166205,1.8005540166205,2.35457063711911,3.46260387811634,5.12465373961219,7.34072022160665,10.1108033240997,13.4349030470914,17.3130193905817,21.7451523545706,26.7313019390582],[28.393351800554,23.4072022160665,18.9750692520776,15.0969529085873,11.7728531855956,9.00277008310249,6.78670360110803,5.12465373961219,4.01662049861496,3.46260387811634,3.46260387811634,4.01662049861496,5.12465373961219,6.78670360110803,9.00277008310249,11.7728531855956,15.0969529085873,18.9750692520776,23.4072022160665,28.393351800554],[30.6094182825485,25.6232686980609,21.191135734072,17.3130193905817,13.98891966759,11.218836565097,9.00277008310249,7.34072022160665,6.23268698060942,5.6786703601108,5.6786703601108,6.23268698060942,7.34072022160665,9.00277008310249,11.218836565097,13.98891966759,17.3130193905817,21.191135734072,25.6232686980609,30.6094182825485],[33.3795013850416,28.393351800554,23.9612188365651,20.0831024930748,16.7590027700831,13.98891966759,11.7728531855956,10.1108033240997,9.00277008310249,8.44875346260388,8.44875346260388,9.00277008310249,10.1108033240997,11.7728531855956,13.98891966759,16.7590027700831,20.0831024930748,23.9612188365651,28.393351800554,33.3795013850416],[36.7036011080332,31.7174515235457,27.2853185595568,23.4072022160665,20.0831024930748,17.3130193905817,15.0969529085873,13.4349030470914,12.3268698060942,11.7728531855956,11.7728531855956,12.3268698060942,13.4349030470914,15.0969529085873,17.3130193905817,20.0831024930748,23.4072022160665,27.2853185595568,31.7174515235457,36.7036011080332],[40.5817174515235,35.595567867036,31.1634349030471,27.2853185595568,23.9612188365651,21.191135734072,18.9750692520776,17.3130193905817,16.2049861495845,15.6509695290859,15.6509695290859,16.2049861495845,17.3130193905817,18.9750692520776,21.191135734072,23.9612188365651,27.2853185595568,31.1634349030471,35.595567867036,40.5817174515235],[45.0138504155125,40.0277008310249,35.595567867036,31.7174515235457,28.393351800554,25.6232686980609,23.4072022160665,21.7451523545706,20.6371191135734,20.0831024930748,20.0831024930748,20.6371191135734,21.7451523545706,23.4072022160665,25.6232686980609,28.393351800554,31.7174515235457,35.595567867036,40.0277008310249,45.0138504155125],[50,45.0138504155125,40.5817174515235,36.7036011080332,33.3795013850416,30.6094182825485,28.393351800554,26.7313019390582,25.6232686980609,25.0692520775623,25.0692520775623,25.6232686980609,26.7313019390582,28.393351800554,30.6094182825485,33.3795013850416,36.7036011080332,40.5817174515235,45.0138504155125,50]],"alpha_stroke":1,"sizes":[10,100],"spans":[1,20],"type":"surface"}},"layout":{"margin":{"b":40,"l":60,"t":25,"r":10},"scene":{"xaxis":{"title":[]},"yaxis":{"title":[]},"zaxis":{"title":[]}},"hovermode":"closest","showlegend":false,"legend":{"yanchor":"top","y":0.5}},"source":"A","config":{"showSendToCloud":false},"data":[{"colorbar":{"title":"","ticklen":2,"len":0.5,"lenmode":"fraction","y":1,"yanchor":"top"},"colorscale":[["0","rgba(68,1,84,1)"],["0.0416666666666667","rgba(70,19,97,1)"],["0.0833333333333333","rgba(72,32,111,1)"],["0.125","rgba(71,45,122,1)"],["0.166666666666667","rgba(68,58,128,1)"],["0.208333333333333","rgba(64,70,135,1)"],["0.25","rgba(60,82,138,1)"],["0.291666666666667","rgba(56,93,140,1)"],["0.333333333333333","rgba(49,104,142,1)"],["0.375","rgba(46,114,142,1)"],["0.416666666666667","rgba(42,123,142,1)"],["0.458333333333333","rgba(38,133,141,1)"],["0.5","rgba(37,144,140,1)"],["0.541666666666667","rgba(33,154,138,1)"],["0.583333333333333","rgba(39,164,133,1)"],["0.625","rgba(47,174,127,1)"],["0.666666666666667","rgba(53,183,121,1)"],["0.708333333333333","rgba(79,191,110,1)"],["0.75","rgba(98,199,98,1)"],["0.791666666666667","rgba(119,207,85,1)"],["0.833333333333333","rgba(147,214,70,1)"],["0.875","rgba(172,220,52,1)"],["0.916666666666667","rgba(199,225,42,1)"],["0.958333333333333","rgba(226,228,40,1)"],["1","rgba(253,231,37,1)"]],"showscale":true,"x":[-5,-4.47368421052632,-3.94736842105263,-3.42105263157895,-2.89473684210526,-2.36842105263158,-1.84210526315789,-1.31578947368421,-0.789473684210527,-0.263157894736842,0.263157894736842,0.789473684210526,1.31578947368421,1.84210526315789,2.36842105263158,2.89473684210526,3.42105263157895,3.94736842105263,4.47368421052632,5],"y":[-5,-4.47368421052632,-3.94736842105263,-3.42105263157895,-2.89473684210526,-2.36842105263158,-1.84210526315789,-1.31578947368421,-0.789473684210527,-0.263157894736842,0.263157894736842,0.789473684210526,1.31578947368421,1.84210526315789,2.36842105263158,2.89473684210526,3.42105263157895,3.94736842105263,4.47368421052632,5],"z":[[50,45.0138504155125,40.5817174515235,36.7036011080332,33.3795013850416,30.6094182825485,28.393351800554,26.7313019390582,25.6232686980609,25.0692520775623,25.0692520775623,25.6232686980609,26.7313019390582,28.393351800554,30.6094182825485,33.3795013850416,36.7036011080332,40.5817174515235,45.0138504155125,50],[45.0138504155125,40.0277008310249,35.595567867036,31.7174515235457,28.393351800554,25.6232686980609,23.4072022160665,21.7451523545706,20.6371191135734,20.0831024930748,20.0831024930748,20.6371191135734,21.7451523545706,23.4072022160665,25.6232686980609,28.393351800554,31.7174515235457,35.595567867036,40.0277008310249,45.0138504155125],[40.5817174515235,35.595567867036,31.1634349030471,27.2853185595568,23.9612188365651,21.191135734072,18.9750692520776,17.3130193905817,16.2049861495845,15.6509695290859,15.6509695290859,16.2049861495845,17.3130193905817,18.9750692520776,21.191135734072,23.9612188365651,27.2853185595568,31.1634349030471,35.595567867036,40.5817174515235],[36.7036011080332,31.7174515235457,27.2853185595568,23.4072022160665,20.0831024930748,17.3130193905817,15.0969529085873,13.4349030470914,12.3268698060942,11.7728531855956,11.7728531855956,12.3268698060942,13.4349030470914,15.0969529085873,17.3130193905817,20.0831024930748,23.4072022160665,27.2853185595568,31.7174515235457,36.7036011080332],[33.3795013850416,28.393351800554,23.9612188365651,20.0831024930748,16.7590027700831,13.98891966759,11.7728531855956,10.1108033240997,9.00277008310249,8.44875346260388,8.44875346260388,9.00277008310249,10.1108033240997,11.7728531855956,13.98891966759,16.7590027700831,20.0831024930748,23.9612188365651,28.393351800554,33.3795013850416],[30.6094182825485,25.6232686980609,21.191135734072,17.3130193905817,13.98891966759,11.218836565097,9.00277008310249,7.34072022160665,6.23268698060942,5.6786703601108,5.6786703601108,6.23268698060942,7.34072022160665,9.00277008310249,11.218836565097,13.98891966759,17.3130193905817,21.191135734072,25.6232686980609,30.6094182825485],[28.393351800554,23.4072022160665,18.9750692520776,15.0969529085873,11.7728531855956,9.00277008310249,6.78670360110803,5.12465373961219,4.01662049861496,3.46260387811634,3.46260387811634,4.01662049861496,5.12465373961219,6.78670360110803,9.00277008310249,11.7728531855956,15.0969529085873,18.9750692520776,23.4072022160665,28.393351800554],[26.7313019390582,21.7451523545706,17.3130193905817,13.4349030470914,10.1108033240997,7.34072022160665,5.12465373961219,3.46260387811634,2.35457063711911,1.8005540166205,1.8005540166205,2.35457063711911,3.46260387811634,5.12465373961219,7.34072022160665,10.1108033240997,13.4349030470914,17.3130193905817,21.7451523545706,26.7313019390582],[25.6232686980609,20.6371191135734,16.2049861495845,12.3268698060942,9.00277008310249,6.23268698060942,4.01662049861496,2.35457063711911,1.24653739612188,0.692520775623269,0.692520775623269,1.24653739612188,2.35457063711911,4.01662049861496,6.23268698060942,9.00277008310249,12.3268698060942,16.2049861495845,20.6371191135734,25.6232686980609],[25.0692520775623,20.0831024930748,15.6509695290859,11.7728531855956,8.44875346260388,5.6786703601108,3.46260387811634,1.8005540166205,0.692520775623269,0.138504155124654,0.138504155124654,0.692520775623268,1.8005540166205,3.46260387811634,5.6786703601108,8.44875346260388,11.7728531855956,15.6509695290859,20.0831024930748,25.0692520775623],[25.0692520775623,20.0831024930748,15.6509695290859,11.7728531855956,8.44875346260388,5.6786703601108,3.46260387811634,1.8005540166205,0.692520775623269,0.138504155124654,0.138504155124653,0.692520775623267,1.8005540166205,3.46260387811634,5.6786703601108,8.44875346260388,11.7728531855956,15.6509695290859,20.0831024930748,25.0692520775623],[25.6232686980609,20.6371191135734,16.2049861495845,12.3268698060942,9.00277008310249,6.23268698060942,4.01662049861496,2.35457063711911,1.24653739612188,0.692520775623268,0.692520775623267,1.24653739612188,2.35457063711911,4.01662049861496,6.23268698060942,9.00277008310249,12.3268698060942,16.2049861495845,20.6371191135734,25.6232686980609],[26.7313019390582,21.7451523545706,17.3130193905817,13.4349030470914,10.1108033240997,7.34072022160665,5.12465373961219,3.46260387811634,2.35457063711911,1.8005540166205,1.8005540166205,2.35457063711911,3.46260387811634,5.12465373961219,7.34072022160665,10.1108033240997,13.4349030470914,17.3130193905817,21.7451523545706,26.7313019390582],[28.393351800554,23.4072022160665,18.9750692520776,15.0969529085873,11.7728531855956,9.00277008310249,6.78670360110803,5.12465373961219,4.01662049861496,3.46260387811634,3.46260387811634,4.01662049861496,5.12465373961219,6.78670360110803,9.00277008310249,11.7728531855956,15.0969529085873,18.9750692520776,23.4072022160665,28.393351800554],[30.6094182825485,25.6232686980609,21.191135734072,17.3130193905817,13.98891966759,11.218836565097,9.00277008310249,7.34072022160665,6.23268698060942,5.6786703601108,5.6786703601108,6.23268698060942,7.34072022160665,9.00277008310249,11.218836565097,13.98891966759,17.3130193905817,21.191135734072,25.6232686980609,30.6094182825485],[33.3795013850416,28.393351800554,23.9612188365651,20.0831024930748,16.7590027700831,13.98891966759,11.7728531855956,10.1108033240997,9.00277008310249,8.44875346260388,8.44875346260388,9.00277008310249,10.1108033240997,11.7728531855956,13.98891966759,16.7590027700831,20.0831024930748,23.9612188365651,28.393351800554,33.3795013850416],[36.7036011080332,31.7174515235457,27.2853185595568,23.4072022160665,20.0831024930748,17.3130193905817,15.0969529085873,13.4349030470914,12.3268698060942,11.7728531855956,11.7728531855956,12.3268698060942,13.4349030470914,15.0969529085873,17.3130193905817,20.0831024930748,23.4072022160665,27.2853185595568,31.7174515235457,36.7036011080332],[40.5817174515235,35.595567867036,31.1634349030471,27.2853185595568,23.9612188365651,21.191135734072,18.9750692520776,17.3130193905817,16.2049861495845,15.6509695290859,15.6509695290859,16.2049861495845,17.3130193905817,18.9750692520776,21.191135734072,23.9612188365651,27.2853185595568,31.1634349030471,35.595567867036,40.5817174515235],[45.0138504155125,40.0277008310249,35.595567867036,31.7174515235457,28.393351800554,25.6232686980609,23.4072022160665,21.7451523545706,20.6371191135734,20.0831024930748,20.0831024930748,20.6371191135734,21.7451523545706,23.4072022160665,25.6232686980609,28.393351800554,31.7174515235457,35.595567867036,40.0277008310249,45.0138504155125],[50,45.0138504155125,40.5817174515235,36.7036011080332,33.3795013850416,30.6094182825485,28.393351800554,26.7313019390582,25.6232686980609,25.0692520775623,25.0692520775623,25.6232686980609,26.7313019390582,28.393351800554,30.6094182825485,33.3795013850416,36.7036011080332,40.5817174515235,45.0138504155125,50]],"type":"surface","frame":null}],"highlight":{"on":"plotly_click","persistent":false,"dynamic":false,"selectize":false,"opacityDim":0.2,"selected":{"opacity":1},"debounce":0},"shinyEvents":["plotly_hover","plotly_click","plotly_selected","plotly_relayout","plotly_brushed","plotly_brushing","plotly_clickannotation","plotly_doubleclick","plotly_deselect","plotly_afterplot"],"base_url":"https://plot.ly"},"evals":[],"jsHooks":[]}</script>
</div>
<div id="bonus-contour-plot-in-plotly" class="section level1">
<h1>Bonus: Contour plot in plotly</h1>
<pre class="r"><code>plot_ly(x = x, y = y, z = z, type = &quot;contour&quot;)</code></pre>
<div id="htmlwidget-1" style="width:70%;height:355.968px;" class="plotly html-widget"></div>
<script type="application/json" data-for="htmlwidget-1">{"x":{"visdat":{"12dd4c3abfbb":["function () ","plotlyVisDat"]},"cur_data":"12dd4c3abfbb","attrs":{"12dd4c3abfbb":{"x":[-5,-4.47368421052632,-3.94736842105263,-3.42105263157895,-2.89473684210526,-2.36842105263158,-1.84210526315789,-1.31578947368421,-0.789473684210527,-0.263157894736842,0.263157894736842,0.789473684210526,1.31578947368421,1.84210526315789,2.36842105263158,2.89473684210526,3.42105263157895,3.94736842105263,4.47368421052632,5],"y":[-5,-4.47368421052632,-3.94736842105263,-3.42105263157895,-2.89473684210526,-2.36842105263158,-1.84210526315789,-1.31578947368421,-0.789473684210527,-0.263157894736842,0.263157894736842,0.789473684210526,1.31578947368421,1.84210526315789,2.36842105263158,2.89473684210526,3.42105263157895,3.94736842105263,4.47368421052632,5],"z":[[50,45.0138504155125,40.5817174515235,36.7036011080332,33.3795013850416,30.6094182825485,28.393351800554,26.7313019390582,25.6232686980609,25.0692520775623,25.0692520775623,25.6232686980609,26.7313019390582,28.393351800554,30.6094182825485,33.3795013850416,36.7036011080332,40.5817174515235,45.0138504155125,50],[45.0138504155125,40.0277008310249,35.595567867036,31.7174515235457,28.393351800554,25.6232686980609,23.4072022160665,21.7451523545706,20.6371191135734,20.0831024930748,20.0831024930748,20.6371191135734,21.7451523545706,23.4072022160665,25.6232686980609,28.393351800554,31.7174515235457,35.595567867036,40.0277008310249,45.0138504155125],[40.5817174515235,35.595567867036,31.1634349030471,27.2853185595568,23.9612188365651,21.191135734072,18.9750692520776,17.3130193905817,16.2049861495845,15.6509695290859,15.6509695290859,16.2049861495845,17.3130193905817,18.9750692520776,21.191135734072,23.9612188365651,27.2853185595568,31.1634349030471,35.595567867036,40.5817174515235],[36.7036011080332,31.7174515235457,27.2853185595568,23.4072022160665,20.0831024930748,17.3130193905817,15.0969529085873,13.4349030470914,12.3268698060942,11.7728531855956,11.7728531855956,12.3268698060942,13.4349030470914,15.0969529085873,17.3130193905817,20.0831024930748,23.4072022160665,27.2853185595568,31.7174515235457,36.7036011080332],[33.3795013850416,28.393351800554,23.9612188365651,20.0831024930748,16.7590027700831,13.98891966759,11.7728531855956,10.1108033240997,9.00277008310249,8.44875346260388,8.44875346260388,9.00277008310249,10.1108033240997,11.7728531855956,13.98891966759,16.7590027700831,20.0831024930748,23.9612188365651,28.393351800554,33.3795013850416],[30.6094182825485,25.6232686980609,21.191135734072,17.3130193905817,13.98891966759,11.218836565097,9.00277008310249,7.34072022160665,6.23268698060942,5.6786703601108,5.6786703601108,6.23268698060942,7.34072022160665,9.00277008310249,11.218836565097,13.98891966759,17.3130193905817,21.191135734072,25.6232686980609,30.6094182825485],[28.393351800554,23.4072022160665,18.9750692520776,15.0969529085873,11.7728531855956,9.00277008310249,6.78670360110803,5.12465373961219,4.01662049861496,3.46260387811634,3.46260387811634,4.01662049861496,5.12465373961219,6.78670360110803,9.00277008310249,11.7728531855956,15.0969529085873,18.9750692520776,23.4072022160665,28.393351800554],[26.7313019390582,21.7451523545706,17.3130193905817,13.4349030470914,10.1108033240997,7.34072022160665,5.12465373961219,3.46260387811634,2.35457063711911,1.8005540166205,1.8005540166205,2.35457063711911,3.46260387811634,5.12465373961219,7.34072022160665,10.1108033240997,13.4349030470914,17.3130193905817,21.7451523545706,26.7313019390582],[25.6232686980609,20.6371191135734,16.2049861495845,12.3268698060942,9.00277008310249,6.23268698060942,4.01662049861496,2.35457063711911,1.24653739612188,0.692520775623269,0.692520775623269,1.24653739612188,2.35457063711911,4.01662049861496,6.23268698060942,9.00277008310249,12.3268698060942,16.2049861495845,20.6371191135734,25.6232686980609],[25.0692520775623,20.0831024930748,15.6509695290859,11.7728531855956,8.44875346260388,5.6786703601108,3.46260387811634,1.8005540166205,0.692520775623269,0.138504155124654,0.138504155124654,0.692520775623268,1.8005540166205,3.46260387811634,5.6786703601108,8.44875346260388,11.7728531855956,15.6509695290859,20.0831024930748,25.0692520775623],[25.0692520775623,20.0831024930748,15.6509695290859,11.7728531855956,8.44875346260388,5.6786703601108,3.46260387811634,1.8005540166205,0.692520775623269,0.138504155124654,0.138504155124653,0.692520775623267,1.8005540166205,3.46260387811634,5.6786703601108,8.44875346260388,11.7728531855956,15.6509695290859,20.0831024930748,25.0692520775623],[25.6232686980609,20.6371191135734,16.2049861495845,12.3268698060942,9.00277008310249,6.23268698060942,4.01662049861496,2.35457063711911,1.24653739612188,0.692520775623268,0.692520775623267,1.24653739612188,2.35457063711911,4.01662049861496,6.23268698060942,9.00277008310249,12.3268698060942,16.2049861495845,20.6371191135734,25.6232686980609],[26.7313019390582,21.7451523545706,17.3130193905817,13.4349030470914,10.1108033240997,7.34072022160665,5.12465373961219,3.46260387811634,2.35457063711911,1.8005540166205,1.8005540166205,2.35457063711911,3.46260387811634,5.12465373961219,7.34072022160665,10.1108033240997,13.4349030470914,17.3130193905817,21.7451523545706,26.7313019390582],[28.393351800554,23.4072022160665,18.9750692520776,15.0969529085873,11.7728531855956,9.00277008310249,6.78670360110803,5.12465373961219,4.01662049861496,3.46260387811634,3.46260387811634,4.01662049861496,5.12465373961219,6.78670360110803,9.00277008310249,11.7728531855956,15.0969529085873,18.9750692520776,23.4072022160665,28.393351800554],[30.6094182825485,25.6232686980609,21.191135734072,17.3130193905817,13.98891966759,11.218836565097,9.00277008310249,7.34072022160665,6.23268698060942,5.6786703601108,5.6786703601108,6.23268698060942,7.34072022160665,9.00277008310249,11.218836565097,13.98891966759,17.3130193905817,21.191135734072,25.6232686980609,30.6094182825485],[33.3795013850416,28.393351800554,23.9612188365651,20.0831024930748,16.7590027700831,13.98891966759,11.7728531855956,10.1108033240997,9.00277008310249,8.44875346260388,8.44875346260388,9.00277008310249,10.1108033240997,11.7728531855956,13.98891966759,16.7590027700831,20.0831024930748,23.9612188365651,28.393351800554,33.3795013850416],[36.7036011080332,31.7174515235457,27.2853185595568,23.4072022160665,20.0831024930748,17.3130193905817,15.0969529085873,13.4349030470914,12.3268698060942,11.7728531855956,11.7728531855956,12.3268698060942,13.4349030470914,15.0969529085873,17.3130193905817,20.0831024930748,23.4072022160665,27.2853185595568,31.7174515235457,36.7036011080332],[40.5817174515235,35.595567867036,31.1634349030471,27.2853185595568,23.9612188365651,21.191135734072,18.9750692520776,17.3130193905817,16.2049861495845,15.6509695290859,15.6509695290859,16.2049861495845,17.3130193905817,18.9750692520776,21.191135734072,23.9612188365651,27.2853185595568,31.1634349030471,35.595567867036,40.5817174515235],[45.0138504155125,40.0277008310249,35.595567867036,31.7174515235457,28.393351800554,25.6232686980609,23.4072022160665,21.7451523545706,20.6371191135734,20.0831024930748,20.0831024930748,20.6371191135734,21.7451523545706,23.4072022160665,25.6232686980609,28.393351800554,31.7174515235457,35.595567867036,40.0277008310249,45.0138504155125],[50,45.0138504155125,40.5817174515235,36.7036011080332,33.3795013850416,30.6094182825485,28.393351800554,26.7313019390582,25.6232686980609,25.0692520775623,25.0692520775623,25.6232686980609,26.7313019390582,28.393351800554,30.6094182825485,33.3795013850416,36.7036011080332,40.5817174515235,45.0138504155125,50]],"alpha_stroke":1,"sizes":[10,100],"spans":[1,20],"type":"contour"}},"layout":{"margin":{"b":40,"l":60,"t":25,"r":10},"xaxis":{"domain":[0,1],"automargin":true,"title":[]},"yaxis":{"domain":[0,1],"automargin":true,"title":[]},"scene":{"zaxis":{"title":[]}},"hovermode":"closest","showlegend":false,"legend":{"yanchor":"top","y":0.5}},"source":"A","config":{"showSendToCloud":false},"data":[{"colorbar":{"title":"","ticklen":2,"len":0.5,"lenmode":"fraction","y":1,"yanchor":"top"},"colorscale":[["0","rgba(68,1,84,1)"],["0.0416666666666667","rgba(70,19,97,1)"],["0.0833333333333333","rgba(72,32,111,1)"],["0.125","rgba(71,45,122,1)"],["0.166666666666667","rgba(68,58,128,1)"],["0.208333333333333","rgba(64,70,135,1)"],["0.25","rgba(60,82,138,1)"],["0.291666666666667","rgba(56,93,140,1)"],["0.333333333333333","rgba(49,104,142,1)"],["0.375","rgba(46,114,142,1)"],["0.416666666666667","rgba(42,123,142,1)"],["0.458333333333333","rgba(38,133,141,1)"],["0.5","rgba(37,144,140,1)"],["0.541666666666667","rgba(33,154,138,1)"],["0.583333333333333","rgba(39,164,133,1)"],["0.625","rgba(47,174,127,1)"],["0.666666666666667","rgba(53,183,121,1)"],["0.708333333333333","rgba(79,191,110,1)"],["0.75","rgba(98,199,98,1)"],["0.791666666666667","rgba(119,207,85,1)"],["0.833333333333333","rgba(147,214,70,1)"],["0.875","rgba(172,220,52,1)"],["0.916666666666667","rgba(199,225,42,1)"],["0.958333333333333","rgba(226,228,40,1)"],["1","rgba(253,231,37,1)"]],"showscale":true,"x":[-5,-4.47368421052632,-3.94736842105263,-3.42105263157895,-2.89473684210526,-2.36842105263158,-1.84210526315789,-1.31578947368421,-0.789473684210527,-0.263157894736842,0.263157894736842,0.789473684210526,1.31578947368421,1.84210526315789,2.36842105263158,2.89473684210526,3.42105263157895,3.94736842105263,4.47368421052632,5],"y":[-5,-4.47368421052632,-3.94736842105263,-3.42105263157895,-2.89473684210526,-2.36842105263158,-1.84210526315789,-1.31578947368421,-0.789473684210527,-0.263157894736842,0.263157894736842,0.789473684210526,1.31578947368421,1.84210526315789,2.36842105263158,2.89473684210526,3.42105263157895,3.94736842105263,4.47368421052632,5],"z":[[50,45.0138504155125,40.5817174515235,36.7036011080332,33.3795013850416,30.6094182825485,28.393351800554,26.7313019390582,25.6232686980609,25.0692520775623,25.0692520775623,25.6232686980609,26.7313019390582,28.393351800554,30.6094182825485,33.3795013850416,36.7036011080332,40.5817174515235,45.0138504155125,50],[45.0138504155125,40.0277008310249,35.595567867036,31.7174515235457,28.393351800554,25.6232686980609,23.4072022160665,21.7451523545706,20.6371191135734,20.0831024930748,20.0831024930748,20.6371191135734,21.7451523545706,23.4072022160665,25.6232686980609,28.393351800554,31.7174515235457,35.595567867036,40.0277008310249,45.0138504155125],[40.5817174515235,35.595567867036,31.1634349030471,27.2853185595568,23.9612188365651,21.191135734072,18.9750692520776,17.3130193905817,16.2049861495845,15.6509695290859,15.6509695290859,16.2049861495845,17.3130193905817,18.9750692520776,21.191135734072,23.9612188365651,27.2853185595568,31.1634349030471,35.595567867036,40.5817174515235],[36.7036011080332,31.7174515235457,27.2853185595568,23.4072022160665,20.0831024930748,17.3130193905817,15.0969529085873,13.4349030470914,12.3268698060942,11.7728531855956,11.7728531855956,12.3268698060942,13.4349030470914,15.0969529085873,17.3130193905817,20.0831024930748,23.4072022160665,27.2853185595568,31.7174515235457,36.7036011080332],[33.3795013850416,28.393351800554,23.9612188365651,20.0831024930748,16.7590027700831,13.98891966759,11.7728531855956,10.1108033240997,9.00277008310249,8.44875346260388,8.44875346260388,9.00277008310249,10.1108033240997,11.7728531855956,13.98891966759,16.7590027700831,20.0831024930748,23.9612188365651,28.393351800554,33.3795013850416],[30.6094182825485,25.6232686980609,21.191135734072,17.3130193905817,13.98891966759,11.218836565097,9.00277008310249,7.34072022160665,6.23268698060942,5.6786703601108,5.6786703601108,6.23268698060942,7.34072022160665,9.00277008310249,11.218836565097,13.98891966759,17.3130193905817,21.191135734072,25.6232686980609,30.6094182825485],[28.393351800554,23.4072022160665,18.9750692520776,15.0969529085873,11.7728531855956,9.00277008310249,6.78670360110803,5.12465373961219,4.01662049861496,3.46260387811634,3.46260387811634,4.01662049861496,5.12465373961219,6.78670360110803,9.00277008310249,11.7728531855956,15.0969529085873,18.9750692520776,23.4072022160665,28.393351800554],[26.7313019390582,21.7451523545706,17.3130193905817,13.4349030470914,10.1108033240997,7.34072022160665,5.12465373961219,3.46260387811634,2.35457063711911,1.8005540166205,1.8005540166205,2.35457063711911,3.46260387811634,5.12465373961219,7.34072022160665,10.1108033240997,13.4349030470914,17.3130193905817,21.7451523545706,26.7313019390582],[25.6232686980609,20.6371191135734,16.2049861495845,12.3268698060942,9.00277008310249,6.23268698060942,4.01662049861496,2.35457063711911,1.24653739612188,0.692520775623269,0.692520775623269,1.24653739612188,2.35457063711911,4.01662049861496,6.23268698060942,9.00277008310249,12.3268698060942,16.2049861495845,20.6371191135734,25.6232686980609],[25.0692520775623,20.0831024930748,15.6509695290859,11.7728531855956,8.44875346260388,5.6786703601108,3.46260387811634,1.8005540166205,0.692520775623269,0.138504155124654,0.138504155124654,0.692520775623268,1.8005540166205,3.46260387811634,5.6786703601108,8.44875346260388,11.7728531855956,15.6509695290859,20.0831024930748,25.0692520775623],[25.0692520775623,20.0831024930748,15.6509695290859,11.7728531855956,8.44875346260388,5.6786703601108,3.46260387811634,1.8005540166205,0.692520775623269,0.138504155124654,0.138504155124653,0.692520775623267,1.8005540166205,3.46260387811634,5.6786703601108,8.44875346260388,11.7728531855956,15.6509695290859,20.0831024930748,25.0692520775623],[25.6232686980609,20.6371191135734,16.2049861495845,12.3268698060942,9.00277008310249,6.23268698060942,4.01662049861496,2.35457063711911,1.24653739612188,0.692520775623268,0.692520775623267,1.24653739612188,2.35457063711911,4.01662049861496,6.23268698060942,9.00277008310249,12.3268698060942,16.2049861495845,20.6371191135734,25.6232686980609],[26.7313019390582,21.7451523545706,17.3130193905817,13.4349030470914,10.1108033240997,7.34072022160665,5.12465373961219,3.46260387811634,2.35457063711911,1.8005540166205,1.8005540166205,2.35457063711911,3.46260387811634,5.12465373961219,7.34072022160665,10.1108033240997,13.4349030470914,17.3130193905817,21.7451523545706,26.7313019390582],[28.393351800554,23.4072022160665,18.9750692520776,15.0969529085873,11.7728531855956,9.00277008310249,6.78670360110803,5.12465373961219,4.01662049861496,3.46260387811634,3.46260387811634,4.01662049861496,5.12465373961219,6.78670360110803,9.00277008310249,11.7728531855956,15.0969529085873,18.9750692520776,23.4072022160665,28.393351800554],[30.6094182825485,25.6232686980609,21.191135734072,17.3130193905817,13.98891966759,11.218836565097,9.00277008310249,7.34072022160665,6.23268698060942,5.6786703601108,5.6786703601108,6.23268698060942,7.34072022160665,9.00277008310249,11.218836565097,13.98891966759,17.3130193905817,21.191135734072,25.6232686980609,30.6094182825485],[33.3795013850416,28.393351800554,23.9612188365651,20.0831024930748,16.7590027700831,13.98891966759,11.7728531855956,10.1108033240997,9.00277008310249,8.44875346260388,8.44875346260388,9.00277008310249,10.1108033240997,11.7728531855956,13.98891966759,16.7590027700831,20.0831024930748,23.9612188365651,28.393351800554,33.3795013850416],[36.7036011080332,31.7174515235457,27.2853185595568,23.4072022160665,20.0831024930748,17.3130193905817,15.0969529085873,13.4349030470914,12.3268698060942,11.7728531855956,11.7728531855956,12.3268698060942,13.4349030470914,15.0969529085873,17.3130193905817,20.0831024930748,23.4072022160665,27.2853185595568,31.7174515235457,36.7036011080332],[40.5817174515235,35.595567867036,31.1634349030471,27.2853185595568,23.9612188365651,21.191135734072,18.9750692520776,17.3130193905817,16.2049861495845,15.6509695290859,15.6509695290859,16.2049861495845,17.3130193905817,18.9750692520776,21.191135734072,23.9612188365651,27.2853185595568,31.1634349030471,35.595567867036,40.5817174515235],[45.0138504155125,40.0277008310249,35.595567867036,31.7174515235457,28.393351800554,25.6232686980609,23.4072022160665,21.7451523545706,20.6371191135734,20.0831024930748,20.0831024930748,20.6371191135734,21.7451523545706,23.4072022160665,25.6232686980609,28.393351800554,31.7174515235457,35.595567867036,40.0277008310249,45.0138504155125],[50,45.0138504155125,40.5817174515235,36.7036011080332,33.3795013850416,30.6094182825485,28.393351800554,26.7313019390582,25.6232686980609,25.0692520775623,25.0692520775623,25.6232686980609,26.7313019390582,28.393351800554,30.6094182825485,33.3795013850416,36.7036011080332,40.5817174515235,45.0138504155125,50]],"type":"contour","line":{"color":"rgba(31,119,180,1)"},"xaxis":"x","yaxis":"y","frame":null}],"highlight":{"on":"plotly_click","persistent":false,"dynamic":false,"selectize":false,"opacityDim":0.2,"selected":{"opacity":1},"debounce":0},"shinyEvents":["plotly_hover","plotly_click","plotly_selected","plotly_relayout","plotly_brushed","plotly_brushing","plotly_clickannotation","plotly_doubleclick","plotly_deselect","plotly_afterplot"],"base_url":"https://plot.ly"},"evals":[],"jsHooks":[]}</script>
</div>
